750
347
567
802
345 513
297 817
108 947
447 840
918 402
470 390
411
897 973
695 511
173 824
171 168
703 338
517 676
751 413
279
704
49 191
350 6
752 995
779
465 487
209
277
319
260
24
761
198 928
946 696
774 525
653 65
210
245
473
412
631 684
248 490
288 218
241
116 327
18 386
388 368
28
872 806
757
429
550
125
940 495
70
154
701 615
671
328
942
180 698
188 20
285 452
742
233
124 527
189
367
975
85 542
619 478
45
984 794
906
775
672
880
0 858
274
183 324
501 805
47 699
353 464
913
641
468
864
304 394
620 853
519
787
330 223
275
565
755
184
163 101
458 873
652
645
35
962
439
785
59 535
926
754
143 781
377
374
466 82
588
623
397
950
741
155 943
193
773 564
776
50
937 93
325
438 796
281
443 291
836
706
896
19
446
211
322 601
597
855
252 847
287
312
270 51
256 401
929 553
705 27
493
859
526
783 967
371 793
441
679
457
463
727
842
986
825 496
64 405
730
55 617
642
860
83
148
554
500
382 665
68 577
316
40 133
364
949 375
399 759
971
616
75
491
629
812
729
104 968
308
272
301
8 182
339 835
38
662 185
289 657
503 545
690
32 426
547 36
58 12
471 2
422 544
677
431
977 355
903 710
595 372
760 622
169 558
788 909
585 990
832 930
803
886
99 454
16
514
222
907
644
309
724
250 689
933
52 685
989
923
461 932
334
506
117 716
991 160
403 956
296
456
174
904 566
870
881 427
900
749 979
863
767
167
11
349
376 856
530
170
131 336
985 769
499
472
88 660
219
955
678
668 624
510 838
164
960 214
875
784
766
100
89
852
878
829
992
31 67
844
420
240
934 15
299
561
118 635
84 726
197
60
586 207
419 242
488
369
953 86
841 572
721 307
804
190 632
483
220
745
485
251
663
713
57 72
694
925
728
504
524 571
648
292
433
608 46
98
600 981
246 512
917
247
217
17
3
576
206 683
479
938
846 10
157 79
884 715
226 280
346
156 891
95 151
740 834
908
627
959
409 363
320
137 670
344 737
290 686
712
165 455
839
178
406
539
833 445
238 243
778
107
258
111
899
533
321 76
951
358
885 264
738
39
725
477
424 266
874
237 444
555
611
702
888
416
596
673 395
966
889
924
650
602
25
132
317
569
135
61 144
1
112
691
159
440
816 449
489
540
976
192
186
538
826
772
149
357
964
106
658
821
267
383 731
136
379
166
435
380
482 910
936
814 630
410 146
810 813
820
109
498 579
300
573 221
557
707
77
927 961
213
978
722
854
430
387
865
549
161 898
714 492
408 568
502
326
96 158
415 273
94 675
582 521
625 894
548 37
763 753
895
944
23
370
523 69
541
919 80
105 234
44 664
768
578 643
862 162
366 801
551
348
230
497
536
954
121
201
764
259 871
935
428 758
48
851
845
196
750 414
980 634
232
867
792
988 915
467
861 71
941 958
746
743
532
723
404
546
203
392 119
815
254
181
459 916
613
717 271
669
552 974
849
639
152 920
789 735
661 30
103
621
614
7
952 150
559
302
505
393
225
179
905
13
14
229
522 993
400
593
56
609 398
507
5
939
90
352
342
331 253
700 857
448
914
732
786
239
782 902
202
911 628
965 365
172 599
29
208
341 475
827
528 583
822
584
883 236
987
262 295
770 543
969
436
999 337
970
575
574
508
799
837 681
591
972
199 114
356
594
830
73
931
115 249
592
922
744 982
26 996
474 828
315
332
442
647
688
134 808
509
9
22
809
626
893
187
340
450
81
462
818 866
469 373
244 343
570
127
62
126 765
718
719
882 310
102 590
451
130 795
139
516
605
41
231 580
333
612 607
957 636
697 434
418 54
531
138 263
682
877
537 227
711 598
654
255
655
998
997
74
298
216
560
771
200 385
476 407
391
518 581
284
195 603
4
314
34
66 91
153 797
269 868
21
33
361
425
194
800 204
294
790
646
709 306
680
887
693
656
756
423
318 589
708
417 128
360
228
87
224 484
432 481
945 892
453
421
948
145
122
311
747
823
604
762 123
610
520
351
268
563 876
556
515
261
736
147 437
359 53
384 666
286
562 674
649
890
963
113
205
142
994
480
848
362
282
638
739
175 587
43
303
983
618 651
780
733
293
811
278
276
110
235
777
637 659
798 97
831
92
389
692
879 129
381
305
140
807
78
313
378
215 720
667
843
283
329
819
606
141
265
494 335
42
177
120
869
212
734
396
529 534
323
901 257
354
921
687
791
912 633
176
640
63
486
850
460
748
